# Data0
# zs, mu, muerr
0.022183, 19.6624, 0.0733
0.025017, 19.7422, 0.0863
0.030548, 20.4196, 0.0993
0.037793, 20.8108, 0.0707
0.040797, 21.1226, 0.0980
0.041765, 21.0876, 0.0562
0.043854, 21.2209, 0.0856
0.049766, 21.2557, 0.0754
0.060610, 21.9399, 0.0616
0.067716, 22.1782, 0.0608
0.068928, 22.0610, 0.0865
0.072121, 22.4251, 0.0928
0.073364, 22.3264, 0.0952
0.075471, 22.2371, 0.0762
0.078317, 22.4634, 0.0555
0.091492, 22.7453, 0.0727
0.109134, 23.2938, 0.0681
0.110020, 23.2221, 0.1020
0.123910, 23.4408, 0.0600
0.124139, 23.5810, 0.1046
0.134115, 23.9090, 0.1018
0.136710, 23.8940, 0.0719
0.138906, 23.8088, 0.0911
0.139418, 23.8389, 0.0702
0.148662, 23.9033, 0.0687
0.154820, 24.0592, 0.0674
0.162350, 24.1200, 0.0999
0.162920, 24.0644, 0.0637
0.169133, 24.1778, 0.0803
0.169586, 24.2156, 0.0768
0.170923, 24.2763, 0.0793
0.176165, 24.1718, 0.0786
0.177011, 24.5719, 0.0824
0.180092, 24.3713, 0.0994
0.188156, 24.3416, 0.1046
0.207104, 24.7540, 0.0602
0.210187, 24.7512, 0.0663
0.211583, 24.8978, 0.0920
0.212960, 24.7500, 0.0928
0.220379, 24.9387, 0.0584
0.222403, 24.8876, 0.0581
0.234328, 25.2269, 0.0697
0.234865, 25.0088, 0.0551
0.234941, 25.1416, 0.0960
0.238508, 25.1473, 0.0553
0.239902, 25.0976, 0.0940
0.248115, 25.2943, 0.0560
0.251004, 25.2187, 0.0849
0.252697, 25.1929, 0.0658
0.256898, 25.3093, 0.0804
0.266340, 25.1926, 0.0932
0.269495, 25.3779, 0.0702
0.270337, 25.3559, 0.0684
0.273624, 25.3866, 0.0766
0.277562, 25.3773, 0.0913
0.281172, 25.4804, 0.0694
0.293906, 25.7330, 0.0825
0.294696, 25.5999, 0.0958
0.310298, 25.6049, 0.0923
0.311739, 25.6984, 0.1039
0.313673, 25.8212, 0.0766
0.315154, 25.8065, 0.0552
0.315612, 25.7442, 0.0673
0.324511, 25.8295, 0.1013
0.327130, 25.8060, 0.0663
0.338269, 25.8556, 0.1024
0.343116, 25.9565, 0.0890
0.349208, 25.9438, 0.0608
0.354031, 26.2180, 0.1023
0.354219, 26.1112, 0.0590
0.354738, 26.0354, 0.0848
0.357565, 25.9438, 0.0885
0.359664, 26.1443, 0.0834
0.360471, 26.1070, 0.0784
0.360962, 26.0015, 0.0914
0.361792, 26.2286, 0.1043
0.365050, 26.0896, 0.0644
0.370268, 26.1439, 0.1010
0.371633, 26.2583, 0.0560
0.372597, 26.1197, 0.0721
0.375127, 26.2452, 0.0892
0.379977, 26.2752, 0.0744
0.381130, 26.3104, 0.0679
0.385424, 26.3907, 0.0850
0.392025, 26.2345, 0.0900
0.409076, 26.5426, 0.0798
0.415111, 26.6396, 0.0914
0.418008, 26.4630, 0.0735
0.427055, 26.5779, 0.0765
0.427463, 26.6061, 0.0825
0.433062, 26.7155, 0.0791
0.439181, 26.5204, 0.0882
0.444365, 26.6672, 0.0837
0.445041, 26.6924, 0.0609
0.451543, 26.6173, 0.0773
0.452504, 26.7233, 0.0680
0.454001, 26.6684, 0.0710
0.454396, 26.7980, 0.0662
0.457063, 26.6639, 0.1049
0.460560, 26.6212, 0.0760
0.470555, 26.8095, 0.0821
0.471788, 26.7526, 0.0665
0.474408, 26.9127, 0.0649
0.477357, 26.7007, 0.0947
0.478540, 26.9303, 0.0638
0.480260, 26.8380, 0.0606
0.480967, 26.8793, 0.0996
0.489092, 26.7029, 0.0858
0.492508, 27.0470, 0.0798
0.495064, 26.9132, 0.0815
0.497840, 26.9918, 0.0948
0.500417, 27.0353, 0.0977
0.500619, 26.8757, 0.1007
0.508437, 26.9507, 0.0928
0.515605, 26.8884, 0.0884
0.535397, 27.3014, 0.0865
0.547133, 27.1766, 0.0862
0.547611, 27.3157, 0.0896
0.559497, 27.2394, 0.0829
0.565455, 27.3381, 0.0968
0.572462, 27.3048, 0.0620
0.585285, 27.4483, 0.0713
0.587096, 27.5115, 0.0666
0.587931, 27.3771, 0.0993
0.589424, 27.5612, 0.1005
0.597120, 27.4948, 0.0691
0.603088, 27.5881, 0.0618
0.603629, 27.4944, 0.0794
0.615574, 27.5006, 0.0882
0.620673, 27.5610, 0.0787
0.625367, 27.5493, 0.1027
0.638787, 27.6296, 0.0645
0.639893, 27.4848, 0.0996
0.640756, 27.6890, 0.1014
0.640893, 27.5654, 0.0837
0.641616, 27.7021, 0.0604
0.646274, 27.6111, 0.0796
0.648969, 27.5839, 0.0800
0.651049, 27.7235, 0.0914
0.652539, 27.6247, 0.0825
0.653723, 27.6356, 0.0671
0.659528, 27.6675, 0.0925
0.681734, 27.6263, 0.0997
0.698873, 27.8745, 0.0593
0.699386, 27.6847, 0.0942
0.705278, 27.8490, 0.0746
0.711267, 27.8597, 0.0850
0.711310, 27.9082, 0.0843
0.726441, 27.9924, 0.0734
0.728121, 27.8528, 0.0767
0.731292, 27.8605, 0.0724
0.733219, 27.9401, 0.0618
0.740934, 27.9169, 0.0572
0.743412, 27.9744, 0.0754
0.750498, 28.1255, 0.0853
0.752139, 28.0524, 0.0811
0.754526, 28.0040, 0.0845
0.758624, 27.9970, 0.0863
0.759161, 28.0145, 0.0755
0.760677, 28.1204, 0.0595
0.771651, 28.2935, 0.0983
0.772990, 28.1893, 0.0640
0.780864, 27.9837, 0.0898
0.782808, 28.1826, 0.1005
0.787174, 28.1629, 0.0698
0.795702, 28.2363, 0.0953
0.800230, 28.1300, 0.0723
0.814977, 28.1380, 0.0802
0.817597, 28.2287, 0.0794
0.824385, 28.2954, 0.1018
0.825697, 28.2293, 0.0775
0.836528, 28.2695, 0.1045
0.843006, 28.4020, 0.0978
0.843691, 28.3503, 0.0640
0.873910, 28.4328, 0.1019
0.874051, 28.4315, 0.0862
0.878353, 28.5747, 0.0992
0.885081, 28.3601, 0.0652
0.892477, 28.4292, 0.0735
0.894565, 28.5041, 0.0581
0.899033, 28.5383, 0.0787
0.905797, 28.4605, 0.0848
0.905877, 28.5787, 0.0761
0.906200, 28.6332, 0.0647
0.916660, 28.4539, 0.0876
0.917878, 28.6339, 0.0615
0.923247, 28.7318, 0.0983
0.927645, 28.5585, 0.0900
0.940926, 28.6109, 0.0808
0.951694, 28.7712, 0.0957
0.955327, 28.7869, 0.0988
0.972593, 28.8567, 0.0847
0.978425, 28.8224, 0.0695
0.987750, 28.9679, 0.0779
0.995046, 28.8316, 0.0554
0.999961, 28.7840, 0.0823
